2.70942 0.0208333 0.0416667
2.70955 0.0625 0.0208333
2.70942 0.125 0.0416667
2.70955 0.1875 0.0208333
2.70942 0.25 0.0416667
2.70955 0.3125 0.0208333
2.70942 0.375 0.0416667
2.70955 0.4375 0.0208333
2.70942 0.5 0.0416667
2.70955 0.5625 0.0208333
2.70942 0.625 0.0416667
2.70955 0.6875 0.0208333
2.70942 0.75 0.0416667
2.70955 0.8125 0.0208333
2.70942 0.875 0.0416667
2.70955 0.9375 0.0208333
2.70942 0.979167 0.0416667
2.60555 0.0208333 0.0833333
2.60518 0.0625 0.104167
2.60555 0.125 0.0833333
2.60518 0.1875 0.104167
2.60555 0.25 0.0833333
2.60518 0.3125 0.104167
2.60555 0.375 0.0833333
2.60518 0.4375 0.104167
2.60555 0.5 0.0833333
2.60518 0.5625 0.104167
2.60555 0.625 0.0833333
2.60518 0.6875 0.104167
2.60555 0.75 0.0833333
2.60518 0.8125 0.104167
2.60555 0.875 0.0833333
2.60518 0.9375 0.104167
2.60555 0.979167 0.0833333
2.40081 0.0208333 0.166667
2.40142 0.0625 0.145833
2.40081 0.125 0.166667
2.40142 0.1875 0.145833
2.40081 0.25 0.166667
2.40142 0.3125 0.145833
2.40081 0.375 0.166667
2.40142 0.4375 0.145833
2.40081 0.5 0.166667
2.40142 0.5625 0.145833
2.40081 0.625 0.166667
2.40142 0.6875 0.145833
2.40081 0.75 0.166667
2.40142 0.8125 0.145833
2.40081 0.875 0.166667
2.40142 0.9375 0.145833
2.40081 0.979167 0.166667
2.105 0.0208333 0.208333
2.10419 0.0625 0.229167
2.105 0.125 0.208333
2.10419 0.1875 0.229167
2.105 0.25 0.208333
2.10419 0.3125 0.229167
2.105 0.375 0.208333
2.10419 0.4375 0.229167
2.105 0.5 0.208333
2.10419 0.5625 0.229167
2.105 0.625 0.208333
2.10419 0.6875 0.229167
2.105 0.75 0.208333
2.10419 0.8125 0.229167
2.105 0.875 0.208333
2.10419 0.9375 0.229167
2.105 0.979167 0.208333
1.7267 0.0208333 0.291667
1.72769 0.0625 0.270833
1.7267 0.125 0.291667
1.72769 0.1875 0.270833
1.7267 0.25 0.291667
1.72769 0.3125 0.270833
1.7267 0.375 0.291667
1.72769 0.4375 0.270833
1.7267 0.5 0.291667
1.72769 0.5625 0.270833
1.7267 0.625 0.291667
1.72769 0.6875 0.270833
1.7267 0.75 0.291667
1.72769 0.8125 0.270833
1.7267 0.875 0.291667
1.72769 0.9375 0.270833
1.7267 0.979167 0.291667
1.28399 0.0208333 0.333333
1.28286 0.0625 0.354167
1.28399 0.125 0.333333
1.28286 0.1875 0.354167
1.28399 0.25 0.333333
1.28286 0.3125 0.354167
1.28399 0.375 0.333333
1.28286 0.4375 0.354167
1.28399 0.5 0.333333
1.28286 0.5625 0.354167
1.28399 0.625 0.333333
1.28286 0.6875 0.354167
1.28399 0.75 0.333333
1.28286 0.8125 0.354167
1.28399 0.875 0.333333
1.28286 0.9375 0.354167
1.28399 0.979167 0.333333
0.789715 0.0208333 0.416667
0.790941 0.0625 0.395833
0.789715 0.125 0.416667
0.790941 0.1875 0.395833
0.789715 0.25 0.416667
0.790941 0.3125 0.395833
0.789715 0.375 0.416667
0.790941 0.4375 0.395833
0.789715 0.5 0.416667
0.790941 0.5625 0.395833
0.789715 0.625 0.416667
0.790941 0.6875 0.395833
0.789715 0.75 0.416667
0.790941 0.8125 0.395833
0.789715 0.875 0.416667
0.790941 0.9375 0.395833
0.789715 0.979167 0.416667
0.267499 0.0208333 0.458333
0.266223 0.0625 0.479167
0.267499 0.125 0.458333
0.266223 0.1875 0.479167
0.267499 0.25 0.458333
0.266223 0.3125 0.479167
0.267499 0.375 0.458333
0.266223 0.4375 0.479167
0.267499 0.5 0.458333
0.266223 0.5625 0.479167
0.267499 0.625 0.458333
0.266223 0.6875 0.479167
0.267499 0.75 0.458333
0.266223 0.8125 0.479167
0.267499 0.875 0.458333
0.266223 0.9375 0.479167
0.267499 0.979167 0.458333
-0.267499 0.0208333 0.541667
-0.266223 0.0625 0.520833
-0.267499 0.125 0.541667
-0.266223 0.1875 0.520833
-0.267499 0.25 0.541667
-0.266223 0.3125 0.520833
-0.267499 0.375 0.541667
-0.266223 0.4375 0.520833
-0.267499 0.5 0.541667
-0.266223 0.5625 0.520833
-0.267499 0.625 0.541667
-0.266223 0.6875 0.520833
-0.267499 0.75 0.541667
-0.266223 0.8125 0.520833
-0.267499 0.875 0.541667
-0.266223 0.9375 0.520833
-0.267499 0.979167 0.541667
-0.789715 0.0208333 0.583333
-0.790941 0.0625 0.604167
-0.789715 0.125 0.583333
-0.790941 0.1875 0.604167
-0.789715 0.25 0.583333
-0.790941 0.3125 0.604167
-0.789715 0.375 0.583333
-0.790941 0.4375 0.604167
-0.789715 0.5 0.583333
-0.790941 0.5625 0.604167
-0.789715 0.625 0.583333
-0.790941 0.6875 0.604167
-0.789715 0.75 0.583333
-0.790941 0.8125 0.604167
-0.789715 0.875 0.583333
-0.790941 0.9375 0.604167
-0.789715 0.979167 0.583333
-1.28399 0.0208333 0.666667
-1.28286 0.0625 0.645833
-1.28399 0.125 0.666667
-1.28286 0.1875 0.645833
-1.28399 0.25 0.666667
-1.28286 0.3125 0.645833
-1.28399 0.375 0.666667
-1.28286 0.4375 0.645833
-1.28399 0.5 0.666667
-1.28286 0.5625 0.645833
-1.28399 0.625 0.666667
-1.28286 0.6875 0.645833
-1.28399 0.75 0.666667
-1.28286 0.8125 0.645833
-1.28399 0.875 0.666667
-1.28286 0.9375 0.645833
-1.28399 0.979167 0.666667
-1.7267 0.0208333 0.708333
-1.72769 0.0625 0.729167
-1.7267 0.125 0.708333
-1.72769 0.1875 0.729167
-1.7267 0.25 0.708333
-1.72769 0.3125 0.729167
-1.7267 0.375 0.708333
-1.72769 0.4375 0.729167
-1.7267 0.5 0.708333
-1.72769 0.5625 0.729167
-1.7267 0.625 0.708333
-1.72769 0.6875 0.729167
-1.7267 0.75 0.708333
-1.72769 0.8125 0.729167
-1.7267 0.875 0.708333
-1.72769 0.9375 0.729167
-1.7267 0.979167 0.708333
-2.105 0.0208333 0.791667
-2.10419 0.0625 0.770833
-2.105 0.125 0.791667
-2.10419 0.1875 0.770833
-2.105 0.25 0.791667
-2.10419 0.3125 0.770833
-2.105 0.375 0.791667
-2.10419 0.4375 0.770833
-2.105 0.5 0.791667
-2.10419 0.5625 0.770833
-2.105 0.625 0.791667
-2.10419 0.6875 0.770833
-2.105 0.75 0.791667
-2.10419 0.8125 0.770833
-2.105 0.875 0.791667
-2.10419 0.9375 0.770833
-2.105 0.979167 0.791667
-2.40081 0.0208333 0.833333
-2.40142 0.0625 0.854167
-2.40081 0.125 0.833333
-2.40142 0.1875 0.854167
-2.40081 0.25 0.833333
-2.40142 0.3125 0.854167
-2.40081 0.375 0.833333
-2.40142 0.4375 0.854167
-2.40081 0.5 0.833333
-2.40142 0.5625 0.854167
-2.40081 0.625 0.833333
-2.40142 0.6875 0.854167
-2.40081 0.75 0.833333
-2.40142 0.8125 0.854167
-2.40081 0.875 0.833333
-2.40142 0.9375 0.854167
-2.40081 0.979167 0.833333
-2.60555 0.0208333 0.916667
-2.60518 0.0625 0.895833
-2.60555 0.125 0.916667
-2.60518 0.1875 0.895833
-2.60555 0.25 0.916667
-2.60518 0.3125 0.895833
-2.60555 0.375 0.916667
-2.60518 0.4375 0.895833
-2.60555 0.5 0.916667
-2.60518 0.5625 0.895833
-2.60555 0.625 0.916667
-2.60518 0.6875 0.895833
-2.60555 0.75 0.916667
-2.60518 0.8125 0.895833
-2.60555 0.875 0.916667
-2.60518 0.9375 0.895833
-2.60555 0.979167 0.916667
-2.70942 0.0208333 0.958333
-2.70955 0.0625 0.979167
-2.70942 0.125 0.958333
-2.70955 0.1875 0.979167
-2.70942 0.25 0.958333
-2.70955 0.3125 0.979167
-2.70942 0.375 0.958333
-2.70955 0.4375 0.979167
-2.70942 0.5 0.958333
-2.70955 0.5625 0.979167
-2.70942 0.625 0.958333
-2.70955 0.6875 0.979167
-2.70942 0.75 0.958333
-2.70955 0.8125 0.979167
-2.70942 0.875 0.958333
-2.70955 0.9375 0.979167
-2.70942 0.979167 0.958333
