1.01187 0.0208333 0.0416667
1.0522 0.0625 0.0208333
1.11394 0.125 0.0416667
1.19973 0.1875 0.0208333
1.26323 0.25 0.0416667
1.35489 0.3125 0.0208333
1.43206 0.375 0.0416667
1.53636 0.4375 0.0208333
1.62244 0.5 0.0416667
1.74089 0.5625 0.0208333
1.83921 0.625 0.0416667
1.97162 0.6875 0.0208333
2.08313 0.75 0.0416667
2.23599 0.8125 0.0208333
2.35322 0.875 0.0416667
2.54331 0.9375 0.0208333
2.58471 0.979167 0.0416667
0.992383 0.0208333 0.0833333
1.01382 0.0625 0.104167
1.10521 0.125 0.0833333
1.15662 0.1875 0.104167
1.2437 0.25 0.0833333
1.31087 0.3125 0.104167
1.40734 0.375 0.0833333
1.48601 0.4375 0.104167
1.59675 0.5 0.0833333
1.68425 0.5625 0.104167
1.80792 0.625 0.0833333
1.90866 0.6875 0.104167
2.04785 0.75 0.0833333
2.16289 0.8125 0.104167
2.31926 0.875 0.0833333
2.46052 0.9375 0.104167
2.58933 0.979167 0.0833333
0.952416 0.0208333 0.166667
0.989523 0.0625 0.145833
1.06199 0.125 0.166667
1.14763 0.1875 0.145833
1.2002 0.25 0.166667
1.28918 0.3125 0.145833
1.36108 0.375 0.166667
1.46185 0.4375 0.145833
1.54337 0.5 0.166667
1.65819 0.5625 0.145833
1.74903 0.625 0.166667
1.8764 0.6875 0.145833
1.9815 0.75 0.166667
2.127 0.8125 0.145833
2.24344 0.875 0.166667
2.41505 0.9375 0.145833
2.452 0.979167 0.166667
0.882049 0.0208333 0.208333
0.938944 0.0625 0.229167
1.05196 0.125 0.208333
1.10491 0.1875 0.229167
1.18696 0.25 0.208333
1.24555 0.3125 0.229167
1.33763 0.375 0.208333
1.4134 0.4375 0.229167
1.51903 0.5 0.208333
1.60307 0.5625 0.229167
1.72131 0.625 0.208333
1.81578 0.6875 0.229167
1.94785 0.75 0.208333
2.05729 0.8125 0.229167
2.20858 0.875 0.208333
2.34161 0.9375 0.229167
2.4568 0.979167 0.208333
0.777637 0.0208333 0.291667
0.880376 0.0625 0.270833
1.00784 0.125 0.291667
1.09878 0.1875 0.270833
1.1451 0.25 0.291667
1.22804 0.3125 0.270833
1.29309 0.375 0.291667
1.38911 0.4375 0.270833
1.46811 0.5 0.291667
1.57842 0.5625 0.270833
1.66484 0.625 0.291667
1.78611 0.6875 0.270833
1.88484 0.75 0.291667
2.02275 0.8125 0.270833
2.13565 0.875 0.291667
2.29898 0.9375 0.270833
2.33422 0.979167 0.291667
0.650214 0.0208333 0.333333
0.782043 0.0625 0.354167
0.981228 0.125 0.333333
1.05781 0.1875 0.354167
1.13705 0.25 0.333333
1.18617 0.3125 0.354167
1.27221 0.375 0.333333
1.34294 0.4375 0.354167
1.44353 0.5 0.333333
1.52528 0.5625 0.354167
1.63947 0.625 0.333333
1.72836 0.6875 0.354167
1.85317 0.75 0.333333
1.95653 0.8125 0.354167
2.10127 0.875 0.333333
2.2294 0.9375 0.354167
2.33891 0.979167 0.333333
0.475725 0.0208333 0.416667
0.678842 0.0625 0.395833
0.911364 0.125 0.416667
1.04525 0.1875 0.395833
1.0982 0.25 0.416667
1.1741 0.3125 0.395833
1.2296 0.375 0.416667
1.31987 0.4375 0.395833
1.39514 0.5 0.416667
1.50067 0.5625 0.395833
1.58471 0.625 0.416667
1.70171 0.6875 0.395833
1.79361 0.75 0.416667
1.92333 0.8125 0.395833
2.03144 0.875 0.416667
2.18827 0.9375 0.395833
2.22257 0.979167 0.416667
0.315622 0.0208333 0.458333
0.515538 0.0625 0.479167
0.851468 0.125 0.458333
0.994195 0.1875 0.479167
1.0907 0.25 0.458333
1.13559 0.3125 0.479167
1.21314 0.375 0.458333
1.27595 0.4375 0.479167
1.37084 0.5 0.458333
1.44973 0.5625 0.479167
1.56014 0.625 0.458333
1.64595 0.6875 0.479167
1.76505 0.75 0.458333
1.86089 0.8125 0.479167
1.99771 0.875 0.458333
2.12149 0.9375 0.479167
2.22705 0.979167 0.458333
0.0938721 0.0208333 0.541667
0.380714 0.0625 0.520833
0.726432 0.125 0.541667
0.958704 0.1875 0.520833
1.05068 0.25 0.541667
1.12766 0.3125 0.520833
1.1737 0.375 0.541667
1.25591 0.4375 0.520833
1.32514 0.5 0.541667
1.42483 0.5625 0.520833
1.50681 0.625 0.541667
1.6213 0.6875 0.520833
1.70845 0.75 0.541667
1.83015 0.8125 0.520833
1.93137 0.875 0.541667
2.08131 0.9375 0.520833
2.11511 0.979167 0.541667
-0.0702575 0.0208333 0.583333
0.162598 0.0625 0.604167
0.63172 0.125 0.583333
0.871625 0.1875 0.604167
1.03149 0.25 0.583333
1.09249 0.3125 0.604167
1.16224 0.375 0.583333
1.21479 0.4375 0.604167
1.30269 0.5 0.583333
1.37687 0.5625 0.604167
1.48169 0.625 0.583333
1.56628 0.6875 0.604167
1.68321 0.75 0.583333
1.77176 0.8125 0.604167
1.89889 0.875 0.583333
2.01717 0.9375 0.604167
2.11924 0.979167 0.583333
-0.301451 0.0208333 0.666667
0.0182992 0.0625 0.645833
0.440768 0.125 0.666667
0.803393 0.1875 0.645833
0.971746 0.25 0.666667
1.08165 0.3125 0.645833
1.12786 0.375 0.666667
1.19904 0.4375 0.645833
1.25967 0.5 0.666667
1.35296 0.5625 0.645833
1.43098 0.625 0.666667
1.54131 0.6875 0.645833
1.62764 0.75 0.666667
1.74505 0.8125 0.645833
1.83692 0.875 0.666667
1.97765 0.9375 0.645833
2.01098 0.979167 0.666667
-0.445088 0.0208333 0.708333
-0.222278 0.0625 0.729167
0.321603 0.125 0.708333
0.658665 0.1875 0.729167
0.927902 0.25 0.708333
1.03922 0.3125 0.729167
1.11858 0.375 0.708333
1.16286 0.4375 0.729167
1.24041 0.5 0.708333
1.30794 0.5625 0.729167
1.40616 0.625 0.708333
1.48749 0.6875 0.729167
1.60339 0.75 0.708333
1.6896 0.8125 0.729167
1.80758 0.875 0.708333
1.91654 0.9375 0.729167
2.01446 0.979167 0.708333
-0.645406 0.0208333 0.791667
-0.35366 0.0625 0.770833
0.0793825 0.125 0.791667
0.560362 0.1875 0.770833
0.823896 0.25 0.791667
1.01375 0.3125 0.770833
1.08564 0.375 0.791667
1.15058 0.4375 0.770833
1.20168 0.5 0.791667
1.28605 0.5625 0.770833
1.35922 0.625 0.791667
1.46188 0.6875 0.770833
1.54669 0.75 0.791667
1.66671 0.8125 0.770833
1.75099 0.875 0.791667
1.87818 0.9375 0.770833
1.90957 0.979167 0.791667
-0.749799 0.0208333 0.833333
-0.570897 0.0625 0.854167
-0.0520844 0.125 0.833333
0.354194 0.1875 0.854167
0.751707 0.25 0.833333
0.940278 0.3125 0.854167
1.07287 0.375 0.833333
1.11882 0.4375 0.854167
1.18657 0.5 0.833333
1.24432 0.5625 0.854167
1.33576 0.625 0.833333
1.41301 0.6875 0.854167
1.52 0.75 0.833333
1.60911 0.8125 0.854167
1.72862 0.875 0.833333
1.82137 0.9375 0.854167
1.91187 0.979167 0.833333
-0.906698 0.0208333 0.916667
-0.657893 0.0625 0.895833
-0.304143 0.125 0.916667
0.225716 0.1875 0.895833
0.598538 0.25 0.916667
0.881155 0.3125 0.895833
1.03021 0.375 0.916667
1.1037 0.4375 0.895833
1.15439 0.5 0.916667
1.22544 0.5625 0.895833
1.29135 0.625 0.916667
1.38867 0.6875 0.895833
1.469 0.75 0.916667
1.58093 0.8125 0.895833
1.67644 0.875 0.916667
1.78734 0.9375 0.895833
1.81011 0.979167 0.916667
-0.947077 0.0208333 0.958333
-0.860661 0.0625 0.979167
-0.368513 0.125 0.958333
-0.0852755 0.1875 0.979167
0.55739 0.25 0.958333
0.722614 0.3125 0.979167
1.02905 0.375 0.958333
1.05559 0.4375 0.979167
1.15303 0.5 0.958333
1.17783 0.5625 0.979167
1.28209 0.625 0.958333
1.32792 0.6875 0.979167
1.45879 0.75 0.958333
1.51001 0.8125 0.979167
1.66423 0.875 0.958333
1.73777 0.9375 0.979167
1.81042 0.979167 0.958333
