1.06351 0.0208333 0.0416667
1.06503 0.0625 0.0208333
1.18788 0.125 0.0416667
1.21697 0.1875 0.0208333
1.33636 0.25 0.0416667
1.38495 0.3125 0.0208333
1.50869 0.375 0.0416667
1.57216 0.4375 0.0208333
1.70694 0.5 0.0416667
1.78262 0.5625 0.0208333
1.93314 0.625 0.0416667
2.02056 0.6875 0.0208333
2.18936 0.75 0.0416667
2.29563 0.8125 0.0208333
2.47664 0.875 0.0416667
2.59062 0.9375 0.0208333
2.71939 0.979167 0.0416667
1.03479 0.0208333 0.0833333
1.17236 0.0625 0.104167
1.20223 0.125 0.0833333
1.31733 0.1875 0.104167
1.36763 0.25 0.0833333
1.48763 0.3125 0.104167
1.55194 0.375 0.0833333
1.68349 0.4375 0.104167
1.75957 0.5 0.0833333
1.90665 0.5625 0.104167
1.99391 0.625 0.0833333
2.15934 0.6875 0.104167
2.26441 0.75 0.0833333
2.44408 0.8125 0.104167
2.56993 0.875 0.0833333
2.67652 0.9375 0.104167
2.66495 0.979167 0.0833333
1.18976 0.0208333 0.166667
1.18483 0.0625 0.145833
1.30148 0.125 0.166667
1.34889 0.1875 0.145833
1.46844 0.25 0.166667
1.53111 0.3125 0.145833
1.66117 0.375 0.166667
1.73626 0.4375 0.145833
1.88107 0.5 0.166667
1.96735 0.5625 0.145833
2.13012 0.625 0.166667
2.2332 0.6875 0.145833
2.41177 0.75 0.166667
2.53881 0.8125 0.145833
2.67185 0.875 0.166667
2.63899 0.9375 0.145833
2.46003 0.979167 0.166667
1.14394 0.0208333 0.208333
1.28751 0.0625 0.229167
1.32915 0.125 0.208333
1.45076 0.1875 0.229167
1.50994 0.25 0.208333
1.63977 0.3125 0.229167
1.71289 0.375 0.208333
1.85624 0.4375 0.229167
1.94101 0.5 0.208333
2.10155 0.5625 0.229167
2.20229 0.625 0.208333
2.37963 0.6875 0.229167
2.5066 0.75 0.208333
2.65944 0.8125 0.229167
2.66121 0.875 0.208333
2.41078 0.9375 0.229167
2.27788 0.979167 0.208333
1.3141 0.0208333 0.291667
1.30808 0.0625 0.270833
1.43487 0.125 0.291667
1.48842 0.1875 0.270833
1.61932 0.25 0.291667
1.68947 0.3125 0.270833
1.83211 0.375 0.291667
1.91492 0.4375 0.270833
2.07359 0.5 0.291667
2.17182 0.5625 0.270833
2.34776 0.625 0.291667
2.47317 0.6875 0.270833
2.64181 0.75 0.291667
2.66794 0.8125 0.270833
2.47435 0.875 0.291667
2.26314 0.9375 0.270833
1.76469 0.979167 0.291667
1.26241 0.0208333 0.333333
1.41975 0.0625 0.354167
1.46635 0.125 0.333333
1.60007 0.1875 0.354167
1.66592 0.25 0.333333
1.80876 0.3125 0.354167
1.88906 0.375 0.333333
2.04628 0.4375 0.354167
2.1418 0.5 0.333333
2.3163 0.5625 0.354167
2.439 0.625 0.333333
2.61962 0.6875 0.354167
2.66868 0.75 0.333333
2.5267 0.8125 0.354167
2.34275 0.875 0.333333
1.73412 0.9375 0.354167
1.53661 0.979167 0.333333
1.44969 0.0208333 0.416667
1.44297 0.0625 0.395833
1.58263 0.125 0.416667
1.64204 0.1875 0.395833
1.78638 0.25 0.416667
1.86333 0.3125 0.395833
2.01968 0.375 0.416667
2.1122 0.4375 0.395833
2.28539 0.5 0.416667
2.40452 0.5625 0.395833
2.59368 0.625 0.416667
2.66279 0.6875 0.395833
2.57049 0.75 0.416667
2.40349 0.8125 0.395833
1.85377 0.875 0.416667
1.51959 0.9375 0.395833
0.825137 0.979167 0.416667
1.39251 0.0208333 0.458333
1.56598 0.0625 0.479167
1.61758 0.125 0.458333
1.76525 0.1875 0.479167
1.83755 0.25 0.458333
1.99395 0.3125 0.479167
2.08293 0.375 0.458333
2.25518 0.4375 0.479167
2.37011 0.5 0.458333
2.56472 0.5625 0.479167
2.65082 0.625 0.458333
2.60547 0.6875 0.479167
2.46007 0.75 0.458333
1.96302 0.8125 0.479167
1.63554 0.875 0.458333
0.804727 0.9375 0.479167
0.564359 0.979167 0.458333
1.59909 0.0208333 0.541667
1.59166 0.0625 0.520833
1.74607 0.125 0.541667
1.81148 0.1875 0.520833
1.96933 0.25 0.541667
2.05387 0.3125 0.520833
2.22576 0.375 0.541667
2.33612 0.4375 0.520833
2.53343 0.5 0.541667
2.63322 0.5625 0.520833
2.63194 0.625 0.541667
2.51006 0.6875 0.520833
2.06537 0.75 0.541667
1.73659 0.8125 0.520833
0.955961 0.875 0.541667
0.550113 0.9375 0.520833
-0.244319 0.979167 0.541667
1.53576 0.0208333 0.583333
1.7277 0.0625 0.604167
1.78475 0.125 0.583333
1.9462 0.1875 0.604167
2.02489 0.25 0.583333
2.19725 0.3125 0.604167
2.3028 0.375 0.583333
2.50057 0.4375 0.604167
2.61035 0.5 0.583333
2.65041 0.5625 0.604167
2.55275 0.625 0.583333
2.16045 0.6875 0.604167
1.83893 0.75 0.583333
1.09699 0.8125 0.604167
0.686464 0.875 0.583333
-0.249484 0.9375 0.604167
-0.494331 0.979167 0.583333
1.76431 0.0208333 0.666667
1.75636 0.0625 0.645833
1.92532 0.125 0.666667
1.99581 0.1875 0.645833
2.1698 0.25 0.666667
2.27016 0.3125 0.645833
2.46697 0.375 0.666667
2.58243 0.4375 0.645833
2.66164 0.5 0.666667
2.58771 0.5625 0.645833
2.24791 0.625 0.666667
1.93988 0.6875 0.645833
1.23171 0.75 0.666667
0.813032 0.8125 0.645833
-0.0900904 0.875 0.666667
-0.498266 0.9375 0.645833
-1.28625 0.979167 0.666667
1.69542 0.0208333 0.708333
1.90534 0.0625 0.729167
1.96641 0.125 0.708333
2.14368 0.1875 0.729167
2.23792 0.25 0.708333
2.4337 0.3125 0.729167
2.54961 0.375 0.708333
2.66647 0.4375 0.729167
2.61511 0.5 0.708333
2.32698 0.5625 0.729167
2.0393 0.625 0.708333
1.35911 0.6875 0.729167
0.947304 0.75 0.708333
0.0578895 0.8125 0.729167
-0.354175 0.875 0.708333
-1.27696 0.9375 0.729167
-1.47893 0.979167 0.708333
1.94547 0.0208333 0.791667
1.93573 0.0625 0.770833
2.11972 0.125 0.791667
2.20526 0.1875 0.770833
2.40214 0.25 0.791667
2.51208 0.3125 0.770833
2.6656 0.375 0.791667
2.63617 0.4375 0.770833
2.39598 0.5 0.791667
2.13867 0.5625 0.770833
1.47685 0.625 0.791667
1.08877 0.6875 0.770833
0.196427 0.75 0.791667
-0.212403 0.8125 0.770833
-1.14049 0.875 0.791667
-1.46354 0.9375 0.770833
-2.14887 0.979167 0.791667
1.86959 0.0208333 0.833333
2.09676 0.0625 0.854167
2.17084 0.125 0.833333
2.37392 0.1875 0.854167
2.47064 0.25 0.833333
2.65895 0.3125 0.854167
2.65416 0.375 0.833333
2.45131 0.4375 0.854167
2.24225 0.5 0.833333
1.57983 0.5625 0.854167
1.24161 0.625 0.833333
0.32053 0.6875 0.854167
-0.0518957 0.75 0.833333
-1.02056 0.8125 0.854167
-1.32139 0.875 0.833333
-2.12939 0.9375 0.854167
-2.24036 0.979167 0.833333
2.13997 0.0208333 0.916667
2.13232 0.0625 0.895833
2.3508 0.125 0.916667
2.42796 0.1875 0.895833
2.64422 0.25 0.916667
2.67651 0.3125 0.895833
2.48543 0.375 0.916667
2.35937 0.4375 0.895833
1.65811 0.5 0.916667
1.41478 0.5625 0.895833
0.420957 0.625 0.916667
0.131252 0.6875 0.895833
-0.918573 0.75 0.916667
-1.17776 0.8125 0.895833
-2.04181 0.875 0.916667
-2.21795 0.9375 0.895833
-2.6692 0.979167 0.916667
2.04536 0.0208333 0.958333
2.33053 0.0625 0.979167
2.39154 0.125 0.958333
2.61386 0.1875 0.979167
2.71878 0.25 0.958333
2.48287 0.3125 0.979167
2.50842 0.375 0.958333
1.69311 0.4375 0.979167
1.62507 0.5 0.958333
0.481218 0.5625 0.979167
0.347641 0.625 0.958333
-0.844796 0.6875 0.979167
-1.00967 0.75 0.958333
-1.96953 0.8125 0.979167
-2.12043 0.875 0.958333
-2.63613 0.9375 0.979167
-2.6589 0.979167 0.958333
